% Substituindo os valores por 4, sem normalizar e sem a classe "Normal".
%Aqui, carregamos os valores das razões segundo Duval, vamos carregar os
%valores dos gases em "valores", depois trata-los para tirar null, inf, e
%colocar todos <=4 e depois atribuir as razões que queremos. Usaremos R2-R5
%do DuvalNew

%% Criando o xtreino - Aqui juntamos os dados de treino e validação
valores = [305	538	0	101	157
12	17.6	0	4.5	4.6
43	50	0.5	12	27
                      16.2	17	                       0.1	                       6.1	42
60	73	                       0.3	19	22
16	31	                       0.3	10	62
58	77	                       0.1	18	88
131	198	                       0.3	52	105
17	28	                       0.4	23	94
13	19	                       0.5	                       6.4	69
26	28	                       0.9	11	31
22	31	                       1.5	36	56
27	71	                       2.8	58	68
32	65	                       0.3	20	26
37	55	                       0.3	17	21
15	16	                       0.1	                       0.8	2
12	17	                       0.5	                       1.3	                       2.3
46	71	                       0.2	19	94
5	42	                       0.1	                       4.2	                       8.1
5	38	                       0.2	                       4.7	                       6.7
7	                       9.8	                       0.2	                       1.9	                       2.3
                      10.2	139	                       0.4	19	116
                      29.9	129	                       0.1	72	123
9	17	                       0.2	                       3.1	4
11	13	                       0.2	                       1.6	                       5.1
10	46	                       0.6	                       9.2	10
20	100	                       0.1	20	150
51	83	                       0.1	24	99
20	37	                       0.1	                       4.2	                       7.6
50	51	                       0.2	16	73
20	49	                       0.1	                       6.3	                       9.9
20	72	                       0.1	23	25
20	42	                       0.1	                       4.6	                       9.1
20	22	                       0.1	26	85
110	150	                       0.1	50	110
40	79	                       0.1	20	120
24	62	                       0.3	63	79
20	135	                       0.2	16	210
20	86	                       0.1	26	43
36	80	                       0.4	78	92
43	65	                       0.1	67	76
20	21	                       0.1	53	91
20	37	                       0.1	                       4.7	                       8.9
20	61	                       0.2	17	19
20	33	                       0.1	                       3.9	                       6.5
36	52	                       0.8	                       6.6	14
19	32	                       0.5	                       3.6	                       6.9
33	84	                       0.5	39	43
22	51	                       0.5	46	27
42	120	                       4.5	330	110
1700	3580	135	2700	800
5	                       7.4	                       0.1	                       2.5	                       1.1
23	68	                       1.3	47	23
25	65	                       0.4	60	31
45	51	                       1.8	120	43
45	51	                       1.8	120	43
                       7.1	                       8.4	                       0.3	3	                       1.7
20	23	                       0.7	23	6
10	11	                       0.7	9	                       3.2
10	14	                       0.6	                       8.5	                       3.2
10	17	                       0.2	                       4.2	                       3.1
11	12	                       0.7	11	                       4.1
11	12	                       0.9	11	4
25	53	                       1.3	35	16
39	47	                       0.5	120	39
39	47	                       0.5	120	39
10	14	                       1.1	13	                       4.7
10	13	                       1.1	12	                       4.3
10	13	1	11	                       4.3
10	13	                       0.7	11	4
20	46	                       0.1	24	14
35	42	                       2.1	22	14
20	22	                       0.2	10	                       4.8
11	12	                       0.8	11	                       4.1
100	230	                       5.4	270	120
20	24	                       0.1	60	16
20	47	                       0.1	20	13
200	700	0	500	200
30	200	8	308	114
465	3100	1	3360	1221
495	1775	2	2480	326
6709	10500	750	17700	1400
290	966	57	1810	299
101	184	10	243	32
50	100	9	305	51
3650	6730	191	9630	1570
1040	2100	10	2720	579
107	143	2	222	35
78	259	0	640	117
32930	2397	0	0	157
37800	1740	8	8	249
92600	10200	0	0	0
9340	995	7	6	60
350	0	144	574	0
350	0	144	574	0
6600	1000	19	2	38
88	9	0	0.03	0
2240	168	0	0	25
4	1	52	7	2
1900	285	7730	957	31
35	6	482	26	3
650	81	270	51	170
210	22	7	6	6
385	60	159	53	8
4230	690	1180	196	5
84	9	40	11	4
1790	580	619	336	321
57	24	30	27	2
1000	500	500	400	1
2240	157	45	45	90
73	8	2	12	4
5000	4000	2000	8000	2000
2240	560	940	450	380
117	16	58	18	5
60	5	29	6	1
890	110	700	84	3
41	112	4536	254	0
16000	4000	16000	8500	500
1570	1110	1830	1780	175
260	215	277	334	35
13500	6110	4040	4510	212
34	21	56	49	4
420	250	800	530	41
310	230	760	610	54
10000	6730	10400	7330	345
20	5	26	34	0.7
23	13	15	14	                       3.7
182	164	520	633	64
87	17	94	120	                       9.7
28	                       7.8	                       2.5	                       3.1	                       0.7
20	12	40	38	                       1.2
20	                       4.3	                       1.2	                       1.5	                       0.4
20	                       5.6	34	41	                       0.8
20	                       3.6	81	81	                       0.9
20	                       7.7	                       1.5	                       1.7	                       0.5
20	                       5.4	50	66	                       2.6
20	                       9.2	24	26	                       2.3
20	                       3.6	1	                       1.2	                       0.4
20	                       4.4	                       2.1	                       2.5	                       0.6
20	11	55	31	                       7.1
56	14	35	52	                       1.6
26	7	10	15	                       2.5
32	                       6.7	18	29	                       4.6
20	                       2.4	                       0.2	                       0.3	                       0.1
20	                       2.6	26	36	                       0.3
20	                       3.5	42	48	                       0.7
20	                       4.5	18	27	                       0.6
20	                       3.1	                       8.4	13	                       0.3
20	                       5.7	53	80	                       2.7
20	                       3.3	22	25	                       0.6
20	                       7.9	                       1.5	                       2.2	                       0.7
20	                       5.2	                       1.8	                       2.3	                       0.6
73	25	85	100	                       4.8
72	                       8.6	                       5.3	                       8.4	                       2.4
20	                       7.7	                       3.7	                       4.5	                       1.1
20	8	4	5	                       1.3
17	                       9.7	                       6.4	5	                       1.4
26	                       5.4	                       1.9	                       2.9	                       0.9
25	                       3.6	                       2.4	                       2.9	                       0.5
